x=1.064232
y=-0.502721
z=4.485848
rx=18.75605
ry=228.8008
rz=0.6144057
fov=41.76461
near=0.1
far=300
sceneResolutionScale=0.5
frameSkip=0
